# Perturbed Eigenvalues - Aggressive Scaling Analysis
# Scale: N=5,000
# Method: Exact_Slow_Replication
# Strength: 3.2 (aggressive scaling)
# Generated: 2025-06-21 03:39:37
# Count: 5,000
#
0.000218940442
0.000262087813
0.000338665176
0.000388209092
0.000659676717
0.000672454506
0.000912727695
0.000948344561
0.000991224545
0.001037842725
0.001274229516
0.001320612721
0.001476437805
0.001492390521
0.001502214407
0.001717593827
0.001950878927
0.001969562696
0.001985044989
0.002355538142
0.002506484532
0.002554830808
0.002589268800
0.002660910015
0.002678357611
0.002883000411
0.003154273388
0.003234629452
0.003270995279
0.003281874500
0.003363236854
0.003423399505
0.003468926736
0.003551451254
0.003848075910
0.003863541614
0.003997762331
0.004322695614
0.004594229852
0.004707819386
0.004781939462
0.004839938137
0.004927036603
0.005010369756
0.005316618031
0.005371936689
0.005400377222
0.005498526897
0.005742644379
0.005813302701
0.005869522173
0.005901722269
0.006638990923
0.006806020871
0.006833422970
0.006864636016
0.007003760554
0.007017199464
0.007132317696
0.007148699296
0.007178246689
0.007260067720
0.007367825930
0.007467914645
0.007767675680
0.007895082630
0.008043381007
0.008142022559
0.008185961636
0.008296023134
0.008385447249
0.008402630650
0.008432080257
0.008514919483
0.008549842571
0.008845410580
0.008880159820
0.008904705804
0.008929573116
0.009073214821
0.009141664677
0.009178036999
0.009222148415
0.009404089175
0.009631930329
0.009668123818
0.010076411196
0.010142465876
0.010400112429
0.010545854336
0.010713836625
0.010760591840
0.010791530182
0.010923667481
0.010962907331
0.011028882694
0.011184032891
0.011341177120
0.011402949422
0.011442804920
0.011490054602
0.011560715160
0.011895344459
0.011919109636
0.011952357668
0.012239375358
0.012361262341
0.012541413724
0.012618391405
0.012649406516
0.012672276424
0.013120471917
0.013183986325
0.013216562639
0.013283652971
0.013360414554
0.013443215688
0.013536764075
0.013639728039
0.014020732984
0.014135449492
0.014317658267
0.014412107866
0.014663575438
0.014699977902
0.014950095948
0.015185487925
0.015274267479
0.015324300253
0.015364014604
0.015380421730
0.015444782721
0.015474214421
0.015796731866
0.015901486233
0.016116709590
0.016220294072
0.016465686361
0.016537597501
0.016582783733
0.016624804388
0.016745920311
0.017044251658
0.017094311494
0.017140647828
0.017373512215
0.017543457376
0.017602970008
0.017711366302
0.017731959051
0.017797735797
0.017857932432
0.018088135460
0.018161720729
0.018205923315
0.018288670259
0.018350859384
0.018397993546
0.018459911410
0.018691223961
0.018752748726
0.018811897911
0.018894612346
0.018976110144
0.019047019397
0.019468777642
0.019862222201
0.020048741099
0.020161092623
0.020215644055
0.020243627170
0.020337161779
0.020355401852
0.020406880191
0.020458026615
0.020698706141
0.020725294537
0.020772602566
0.020859742446
0.020936571172
0.021069288796
0.021132405747
0.021177990714
0.021219210503
0.021569092231
0.021773614345
0.021867284750
0.022240565928
0.022266095188
0.022314748503
0.022350361107
0.022484358783
0.022751225789
0.022855019509
0.022973785916
0.023033128748
0.023180962094
0.023252600024
0.023338329275
0.023372772881
0.023477722863
0.023558562413
0.023676095713
0.023729278681
0.024000025879
0.024100853951
0.024201799081
0.024215137155
0.024313246387
0.024488171869
0.024575205254
0.024716570167
0.024832557561
0.025139810519
0.025191002707
0.025407729748
0.025500078102
0.025585863523
0.025803312100
0.025848144920
0.026022683420
0.026168574287
0.026203783293
0.026258491926
0.026337650636
0.026410708307
0.026585255987
0.026735263172
0.026777869846
0.027002141823
0.027036347475
0.027064325033
0.027105839659
0.027175535306
0.027226748668
0.027332456059
0.027386109236
0.027443255381
0.027569588046
0.027877034222
0.027905332038
0.028021205293
0.028092648506
0.028251813732
0.028313647324
0.028378471750
0.028742958479
0.029023991767
0.029043161160
0.029154880325
0.029271287749
0.029310974151
0.029469741102
0.029590004287
0.029779380380
0.029866575472
0.029937903804
0.030025206460
0.030106225345
0.030293889214
0.030352402305
0.030398767549
0.030538476128
0.030673628256
0.030722227506
0.030814838100
0.031043159768
0.031266209854
0.031332737792
0.031460075614
0.031513667334
0.031571471690
0.031682932502
0.032197833225
0.032325881078
0.032413245503
0.032665532941
0.032707188245
0.032735671512
0.032876338652
0.032941058847
0.033029172050
0.033119157701
0.033147131968
0.033236822999
0.033304221495
0.033598974576
0.033756349215
0.033972421345
0.034456600741
0.034531928688
0.034634856603
0.034710707940
0.034879541756
0.034941200440
0.034991052189
0.035060896576
0.035163489033
0.035196493647
0.035246050662
0.035313475436
0.035353886563
0.035638078527
0.035729269996
0.035793278970
0.035841195196
0.035897528965
0.035996571763
0.036148056575
0.036331108788
0.036381222856
0.036531050890
0.036569836139
0.036724972951
0.036766103668
0.036821385079
0.036991943539
0.037233159550
0.037346362554
0.037381680876
0.037445137115
0.037520644223
0.037629896082
0.037780431069
0.038063440854
0.038108847795
0.038181897688
0.038280067023
0.038421241819
0.038460713500
0.038579934951
0.038676411963
0.038727336733
0.038975750503
0.039159515183
0.039240149791
0.039276910085
0.039342475404
0.039369137183
0.039492359720
0.039647110931
0.039815272569
0.039924769356
0.040054682101
0.040175346980
0.040382793539
0.040442948492
0.040579022584
0.040626678320
0.040754787253
0.040907866962
0.041045150344
0.041198831062
0.041332336426
0.041408216973
0.041529585642
0.041593174890
0.041737794261
0.041849586064
0.041869522713
0.042021049571
0.042108403716
0.042230138263
0.042480902120
0.042605416561
0.042724381135
0.042804512405
0.042863029811
0.042939268865
0.043019928026
0.043079203747
0.043170173488
0.043203038931
0.043234522214
0.043309372689
0.043378588527
0.043496654168
0.043541069468
0.043763324064
0.043871586431
0.043905653965
0.044000675580
0.044079249061
0.044145730239
0.044214471962
0.044276927887
0.044386880485
0.044475654879
0.044624963471
0.045010530772
0.045194124031
0.045241263101
0.045365959382
0.045423753427
0.045462037035
0.045568303065
0.045583318750
0.045721976826
0.045829141854
0.045894707568
0.046066121764
0.046192450848
0.046220209658
0.046346439247
0.046419759222
0.046549428639
0.046679184852
0.046747484336
0.046893348461
0.047013791693
0.047265583596
0.047391167606
0.047444319668
0.047514184442
0.047566638058
0.047683965278
0.047799516894
0.047888576303
0.047920941728
0.047989084959
0.048233278626
0.048303819575
0.048408158848
0.048588811787
0.048672727150
0.048787806800
0.048828462675
0.048996957975
0.049031934666
0.049094238250
0.049181002958
0.049296622516
0.049514507796
0.049605253116
0.049700036796
0.049874620588
0.049909089152
0.050026791657
0.050072799519
0.050226196475
0.050348116625
0.050476927922
0.050564894923
0.050649194205
0.050735729723
0.050802727957
0.050868294484
0.050950707309
0.051076926675
0.051126207600
0.051490618916
0.051576103970
0.051649316052
0.051706206257
0.051858934941
0.051987426963
0.052085965260
0.052201563089
0.052454051474
0.052562815581
0.052661136240
0.052706246686
0.052771382768
0.052917753049
0.052979708837
0.053096734499
0.053144194751
0.053159658760
0.053322025481
0.053394088602
0.053508927782
0.053635667835
0.053711172817
0.053832827715
0.053913675531
0.054009246905
0.054076606701
0.054176672020
0.054217274823
0.054299814194
0.054365370975
0.054470336434
0.054563340434
0.054606319275
0.054844023433
0.054911997434
0.054974228858
0.055032057676
0.055181604764
0.055374481757
0.055407714120
0.055481657534
0.055659772556
0.055706023503
0.055754835489
0.055938577077
0.056021182259
0.056210099461
0.056277964968
0.056385650057
0.056466358493
0.056547807698
0.056649128964
0.056778331259
0.056808589000
0.056955222659
0.057143268312
0.057269071262
0.057562374591
0.057858025950
0.057901808134
0.058029810017
0.058232034133
0.058276172821
0.058481000630
0.058577886890
0.058609097796
0.058769418519
0.058820545175
0.058857776945
0.058961439454
0.059052698597
0.059089767410
0.059200284717
0.059233740732
0.059362038098
0.059459947421
0.059575766403
0.059751060004
0.059825357864
0.059860675784
0.059943432881
0.060064292875
0.060303466990
0.060440606617
0.060532544508
0.060567734533
0.060698086397
0.060758508069
0.060900933790
0.060938399986
0.060992565732
0.061080612787
0.061162478752
0.061219795260
0.061287370736
0.061359807498
0.061413647615
0.061472566828
0.061555244872
0.061631730509
0.061768739850
0.061898659053
0.061942890646
0.062064126253
0.062172618021
0.062370453042
0.062502032764
0.062600226607
0.062657065021
0.062993975633
0.063119290919
0.063181119323
0.063300881643
0.063373132502
0.063416606521
0.063537669268
0.063645132132
0.063697824577
0.063795865959
0.064007376994
0.064051002978
0.064125814585
0.064221608367
0.064284432986
0.064455723489
0.064508768944
0.064574505679
0.064612342234
0.064790982582
0.064859834723
0.064936276011
0.065039212571
0.065105545414
0.065174155945
0.065290102706
0.065339813937
0.065426144714
0.065561785230
0.065613063388
0.065773157398
0.065837065300
0.066059989395
0.066097229099
0.066285494994
0.066376980914
0.066468053812
0.066505135411
0.066666643534
0.066741779822
0.066833728089
0.066927017879
0.067063265221
0.067111740294
0.067230486571
0.067275253367
0.067336532921
0.067376086796
0.067486777303
0.067538105082
0.067631284256
0.067764577675
0.067798041897
0.067901082029
0.067967116778
0.068038332439
0.068109987500
0.068246405583
0.068266843830
0.068348448927
0.068416859487
0.068521163357
0.068593419109
0.068719877290
0.068791776382
0.068871412234
0.068983694491
0.069129066384
0.069556091572
0.069763574325
0.069912842216
0.070051251155
0.070066202659
0.070156416542
0.070294044898
0.070316662884
0.070397962219
0.070455522181
0.070523932460
0.070592170615
0.070627316779
0.070728322129
0.070812183064
0.070820856499
0.070922482151
0.070983644725
0.071045461590
0.071095785363
0.071165460460
0.071292199873
0.071315370330
0.071419902300
0.071494243228
0.071578301251
0.071654827267
0.071708572508
0.071793484341
0.071866947585
0.072020509874
0.072133962069
0.072286020534
0.072341305178
0.072617043117
0.072702515690
0.072815287412
0.072918660354
0.073061869721
0.073200162287
0.073334291296
0.073437892083
0.073468841568
0.073569995589
0.073680730246
0.073724321765
0.073876351557
0.073951016661
0.074013623011
0.074137611238
0.074226215430
0.074302492553
0.074415984836
0.074523199719
0.074779776795
0.074924533721
0.074989955531
0.075008256312
0.075122176556
0.075165684410
0.075278205501
0.075311518287
0.075464571597
0.075535684298
0.075585029452
0.075732887814
0.075928903286
0.076085619270
0.076202621315
0.076349888269
0.076433813921
0.076474781397
0.076566091606
0.076641151172
0.076774112322
0.076895580868
0.076994757529
0.077187222694
0.077235331992
0.077427236025
0.077571607042
0.077699839249
0.077817262794
0.077854946882
0.077965439785
0.078013432636
0.078103679832
0.078185773686
0.078253779941
0.078376065525
0.078500802806
0.078529569645
0.078634302342
0.078727574086
0.078813359949
0.078887205491
0.078940138146
0.078980326364
0.079101203501
0.079200036640
0.079380281010
0.079416662633
0.079672521182
0.079751978092
0.079817603422
0.079918258191
0.079992101237
0.080099666088
0.080186719984
0.080268268352
0.080395381269
0.080453547182
0.080544838791
0.080689307905
0.080728289415
0.080810010261
0.080919600703
0.080978239272
0.081113091811
0.081232470483
0.081395402627
0.081529925119
0.081624253486
0.081891998500
0.081953183482
0.082005425647
0.082104311956
0.082171900408
0.082325072727
0.082376319176
0.082457050758
0.082519733293
0.082584075664
0.082666852357
0.082805390279
0.082891131676
0.082908209644
0.083016465230
0.083106115973
0.083224375392
0.083286673471
0.083360495326
0.083458684207
0.083501920530
0.083577659373
0.083706272601
0.083831612432
0.083967337838
0.084107633615
0.084153260029
0.084314551704
0.084447208413
0.084520519782
0.084647369598
0.084722793739
0.084874668845
0.084979856026
0.085060872743
0.085157788465
0.085223295627
0.085305279606
0.085392413723
0.085455406620
0.085514384992
0.085599166036
0.085644110884
0.085753804856
0.085892553360
0.085970032130
0.086062872969
0.086162627055
0.086248388407
0.086276988598
0.086392692226
0.086481214368
0.086523573086
0.086607071311
0.086659046970
0.086799001379
0.086997994775
0.087094647736
0.087199025296
0.087353751387
0.087458797685
0.087591328363
0.087635397414
0.087747951454
0.087848140781
0.087982439043
0.088032904148
0.088090414915
0.088171966127
0.088303757340
0.088351393934
0.088408176478
0.088497344270
0.088559390218
0.088629095141
0.088674123199
0.088766204961
0.088821708866
0.088992335121
0.089042752366
0.089108733265
0.089162675849
0.089295691863
0.089374885719
0.089555411610
0.089640761529
0.089711874405
0.089775248365
0.089852464860
0.090032607007
0.090121234721
0.090216751852
0.090287074864
0.090335740478
0.090515078100
0.090663720812
0.090753114211
0.090880419609
0.091062563077
0.091208165563
0.091283873480
0.091322195587
0.091392769944
0.091537248644
0.091652796698
0.091709138550
0.091754114561
0.091840898993
0.091874296347
0.091992579484
0.092031593550
0.092168311662
0.092258971884
0.092423573225
0.092492630449
0.092746189204
0.092853990410
0.092902096228
0.093000415566
0.093041558119
0.093187585410
0.093280303583
0.093353518617
0.093445169143
0.093486922021
0.093580245093
0.093654481256
0.093749988287
0.093860445452
0.093985570903
0.094089926114
0.094183541524
0.094243464434
0.094295157336
0.094460926589
0.094538146002
0.094575563773
0.094845836786
0.094913463818
0.094972589928
0.095129086692
0.095182006193
0.095296360783
0.095352410011
0.095501887100
0.095649595330
0.095827901883
0.095917015401
0.096023088969
0.096085544376
0.096144962633
0.096251537852
0.096493677415
0.096545921048
0.096641394877
0.096786250250
0.096966700901
0.097038281102
0.097139417024
0.097180924317
0.097270037625
0.097352522726
0.097404551003
0.097509618068
0.097575820953
0.097626644382
0.097705153141
0.097837099554
0.097896582806
0.097972717423
0.098119776667
0.098185663456
0.098210319841
0.098296235557
0.098465516307
0.098495768689
0.098527346958
0.098632060705
0.098651639292
0.098772760683
0.098926369732
0.098972710925
0.099089062593
0.099207957443
0.099245351088
0.099321311317
0.099556759332
0.099618691553
0.099702416965
0.099763743624
0.099861989788
0.099925098334
0.100029459722
0.100143947796
0.100236038634
0.100316165119
0.100516656279
0.100587773345
0.100726164814
0.100920360379
0.100960333641
0.101150821771
0.101252052994
0.101433557528
0.101657819588
0.101771335484
0.101863973723
0.102002138661
0.102060210020
0.102091918499
0.102168210826
0.102257947179
0.102332004001
0.102390426889
0.102450453970
0.102504371679
0.102543584658
0.102660373976
0.102696592444
0.102788927170
0.102866185827
0.102968404709
0.103007059913
0.103121192166
0.103206740372
0.103253630227
0.103342729419
0.103434236616
0.103598649988
0.103646241922
0.103709998604
0.103799638562
0.103895280649
0.103983422275
0.104126439192
0.104195519068
0.104277752539
0.104442978548
0.104531433138
0.104655724523
0.104757214904
0.104811686746
0.104974207924
0.105053083589
0.105105182828
0.105270844215
0.105423525213
0.105513258654
0.105627728906
0.105718549750
0.105782412930
0.105913810128
0.106030407353
0.106097527454
0.106231162036
0.106297594600
0.106383023816
0.106423604229
0.106520596329
0.106617294329
0.106660295359
0.106755062793
0.106807200169
0.106918814059
0.106988606303
0.107116314974
0.107158796915
0.107243929423
0.107297520776
0.107394224408
0.107443946184
0.107581169563
0.107757700406
0.107815530524
0.107897019944
0.108003492848
0.108107736576
0.108243584549
0.108336579455
0.108394666202
0.108553772062
0.108634220735
0.108753812126
0.108813756762
0.108941539905
0.109036726687
0.109145932695
0.109264186739
0.109368181003
0.109441268879
0.109563268093
0.109638364002
0.109781702404
0.109872527040
0.109910469444
0.109982921152
0.110086272236
0.110128878157
0.110251885541
0.110374712718
0.110438277651
0.110524601379
0.110694955492
0.110737075660
0.110859571181
0.110980549886
0.111090989874
0.111157526279
0.111192258959
0.111226231067
0.111274400966
0.111437885503
0.111482590054
0.111520988484
0.111672978910
0.111803163004
0.111878443841
0.111900777162
0.112042422484
0.112202432787
0.112301404645
0.112399059553
0.112487610311
0.112547410471
0.112571914734
0.112693557610
0.112784779444
0.112814309876
0.112890942665
0.112955447494
0.113009381114
0.113114304355
0.113216257454
0.113318853351
0.113412011172
0.113493571154
0.113519315115
0.113626030945
0.113696810870
0.113777358108
0.113904043302
0.113945045750
0.114019007742
0.114113159144
0.114233482279
0.114286343697
0.114324392809
0.114451224533
0.114505703998
0.114564383946
0.114707839043
0.114776417841
0.114836570394
0.114908914697
0.115058725622
0.115175683441
0.115255825533
0.115404974831
0.115593070609
0.115711433001
0.115847713497
0.115899418383
0.116097158556
0.116171722850
0.116283843883
0.116380423346
0.116448396894
0.116511434117
0.116582325205
0.116647777334
0.116730538984
0.116789459750
0.116829643201
0.116945682255
0.117036710984
0.117075908396
0.117179272631
0.117236130188
0.117305196389
0.117402305123
0.117524730678
0.117667205273
0.117694661130
0.117780528510
0.117831830184
0.117969894902
0.118016492288
0.118137695136
0.118252900735
0.118326144676
0.118426961223
0.118593664334
0.118707685723
0.118742326751
0.118797740863
0.118995677503
0.119148272426
0.119185970031
0.119256061240
0.119414035494
0.119450999935
0.119556757773
0.119626014337
0.119714508989
0.119781862736
0.119877972567
0.119962958119
0.120042019355
0.120125683445
0.120190082256
0.120312492799
0.120402394361
0.120445961310
0.120572825373
0.120598771372
0.120663499688
0.120743154637
0.120869064204
0.120934097407
0.120969509142
0.121103533631
0.121208257833
0.121254086572
0.121362296807
0.121477241286
0.121539739285
0.121616284073
0.121683041470
0.121740100967
0.121919947570
0.122077480705
0.122121873606
0.122194944511
0.122235462747
0.122322765228
0.122444469912
0.122525428764
0.122562323347
0.122714556068
0.122739135193
0.122828776135
0.122873016281
0.122944198284
0.123009749970
0.123133982871
0.123212350385
0.123293718736
0.123386677495
0.123508451750
0.123613162544
0.123658925161
0.123800499932
0.123880075521
0.123962008790
0.124030320585
0.124103066656
0.124183240746
0.124239482570
0.124381255955
0.124427385529
0.124519941426
0.124569432152
0.124736627923
0.124785424475
0.124897295702
0.124954095748
0.125004966173
0.125185561796
0.125204355164
0.125307395260
0.125349180661
0.125440703286
0.125503531917
0.125644867294
0.125718687525
0.125753261593
0.125923709154
0.125941813969
0.125996151784
0.126075887560
0.126155635542
0.126199143384
0.126262739579
0.126355631786
0.126447109673
0.126507926144
0.126624239955
0.126695282023
0.126798151033
0.126857160685
0.126961741232
0.126976258796
0.127088102440
0.127121170367
0.127215670252
0.127332731621
0.127396168746
0.127494815774
0.127588566723
0.127615270382
0.127659424142
0.127827881033
0.127854786600
0.127917142122
0.128055819051
0.128124969576
0.128160440572
0.128288534228
0.128414875969
0.128454514213
0.128541796696
0.128630293341
0.128716838588
0.128783451084
0.128889208896
0.128984193691
0.129023989030
0.129093007427
0.129293604427
0.129333819096
0.129430270981
0.129545922948
0.129618281970
0.129662436369
0.129736703192
0.129851996417
0.129924540641
0.129978116901
0.130067426974
0.130139168570
0.130261972176
0.130411495547
0.130491661376
0.130560304952
0.130572814273
0.130678390396
0.130724854756
0.130814248108
0.130928849544
0.130988009406
0.131056402926
0.131128810675
0.131190945408
0.131288377464
0.131348204916
0.131399119155
0.131503456638
0.131660996907
0.131708320390
0.131818438367
0.131871886547
0.132000114759
0.132086985618
0.132233836890
0.132264340446
0.132401078292
0.132455784991
0.132510957666
0.132595144123
0.132641991934
0.132779200951
0.132864334212
0.132939938134
0.133009380513
0.133143962944
0.133258572138
0.133302179030
0.133349684680
0.133455511921
0.133569219231
0.133620780304
0.133712981666
0.133815090637
0.133912153081
0.133948902097
0.133965746987
0.134000409922
0.134161897521
0.134250114617
0.134353039339
0.134413113403
0.134446814088
0.134541417988
0.134605403546
0.134697729700
0.134786382690
0.134893206871
0.134996685729
0.135070702993
0.135136903801
0.135196744841
0.135310575014
0.135369358382
0.135410664011
0.135501216882
0.135617799882
0.135684476588
0.135751517798
0.135841133070
0.135919873876
0.135974940682
0.136071460124
0.136146014174
0.136228924942
0.136299304763
0.136424605809
0.136493566787
0.136583520493
0.136672307524
0.136775516234
0.136827708150
0.136923237728
0.136985571277
0.137079266535
0.137130241387
0.137300011496
0.137378985984
0.137390312997
0.137528922432
0.137598146782
0.137714004495
0.137789785646
0.137926985273
0.137996192105
0.138057525692
0.138146066341
0.138215788635
0.138293504564
0.138325080211
0.138401895257
0.138446177571
0.138555766840
0.138671233148
0.138717761143
0.138792088451
0.138963707246
0.139011240746
0.139120534420
0.139186709868
0.139232540810
0.139365419279
0.139433101991
0.139487720503
0.139653182567
0.139669505974
0.139792876910
0.139844332952
0.139937630417
0.139983761150
0.140007072375
0.140124544492
0.140202243466
0.140289487023
0.140386540759
0.140486675867
0.140516843672
0.140620346079
0.140700432004
0.140801396230
0.140962333757
0.141062550860
0.141105972649
0.141290425006
0.141312074096
0.141445336166
0.141561380151
0.141703067512
0.141774107564
0.141856819521
0.141915644642
0.142038777612
0.142120671500
0.142212471916
0.142265393647
0.142333148053
0.142427732737
0.142530491745
0.142639990810
0.142738308982
0.142850725297
0.142904669872
0.142936843233
0.143074998680
0.143160448564
0.143257781422
0.143320640420
0.143437012994
0.143489211486
0.143521785436
0.143617194686
0.143707792042
0.143833740252
0.143852274185
0.143952096740
0.144042226105
0.144088202168
0.144162658531
0.144288570311
0.144356501025
0.144460962077
0.144546897888
0.144620630662
0.144679995588
0.144753540586
0.144847417478
0.144897092407
0.144921120022
0.145054919029
0.145120959072
0.145194165103
0.145363345484
0.145402018053
0.145498591962
0.145525895196
0.145655609587
0.145776046530
0.145875280959
0.145905605120
0.145951048658
0.146074625364
0.146166349140
0.146214757752
0.146427380925
0.146508709226
0.146566266803
0.146675571459
0.146701925482
0.146800394922
0.146899141188
0.146976439462
0.147109037497
0.147164631706
0.147278834676
0.147363793125
0.147444573650
0.147482893054
0.147571958276
0.147626058120
0.147712656443
0.147812326237
0.147860062583
0.147885274145
0.147994908564
0.148074799489
0.148160250542
0.148261153197
0.148272874728
0.148334427138
0.148490999884
0.148527554789
0.148607615139
0.148736178505
0.148827099549
0.148865148076
0.148926385425
0.149024338717
0.149081422858
0.149139205857
0.149275096877
0.149334471999
0.149379584714
0.149462454046
0.149533382137
0.149654338286
0.149692126207
0.149746596508
0.149803995601
0.149879408081
0.149982886280
0.150039726794
0.150163689063
0.150204033658
0.150252561315
0.150317120536
0.150397694099
0.150461724113
0.150576209174
0.150634595000
0.150745528834
0.150822286664
0.150895821678
0.150943199682
0.151013036251
0.151067765887
0.151142380797
0.151248749324
0.151309004045
0.151389701744
0.151426898442
0.151513618690
0.151567122760
0.151689490051
0.151754057660
0.151796947659
0.151893069370
0.151958654442
0.152021308700
0.152117229751
0.152144448344
0.152266126049
0.152361639679
0.152444060521
0.152466593592
0.152603665325
0.152661717387
0.152700853626
0.152867283640
0.152913751231
0.152997738400
0.153046901804
0.153133027985
0.153206790324
0.153276702288
0.153321339869
0.153446633919
0.153514930655
0.153540735671
0.153654304410
0.153763134179
0.153805100850
0.153897837465
0.153929851847
0.154010435644
0.154115300874
0.154232191573
0.154274139558
0.154415556083
0.154493299290
0.154586419503
0.154673776010
0.154811142526
0.154886142742
0.154937851657
0.155009354672
0.155092325491
0.155227803055
0.155259404487
0.155393464685
0.155413416290
0.155517558585
0.155563246700
0.155641460952
0.155716388015
0.155798412933
0.155938777700
0.155975036679
0.156025289951
0.156099320181
0.156263002862
0.156315032092
0.156397250874
0.156457957207
0.156518782682
0.156625091849
0.156727076730
0.156798729670
0.156890524584
0.157008019339
0.157042351310
0.157124030682
0.157209553695
0.157247590074
0.157349118820
0.157432806822
0.157471577200
0.157547367605
0.157592023034
0.157689511936
0.157751812261
0.157821962378
0.157973809344
0.158036152808
0.158135504439
0.158184738184
0.158244361059
0.158303992755
0.158403260286
0.158472062118
0.158559684924
0.158602522604
0.158681720110
0.158737679185
0.158835227048
0.158975138403
0.159039356950
0.159091399530
0.159189435058
0.159294397248
0.159392881219
0.159453812313
0.159538337560
0.159595319974
0.159693270963
0.159708102738
0.159783739465
0.159849652062
0.159902284129
0.159958116892
0.160033204196
0.160165726121
0.160221218230
0.160310622257
0.160364239662
0.160438477019
0.160507332394
0.160603364189
0.160626101891
0.160719892493
0.160814557386
0.160890131165
0.160978163761
0.161035192282
0.161104565661
0.161173888156
0.161280791359
0.161340644395
0.161442188740
0.161503332437
0.161614628119
0.161721556864
0.161762275538
0.161864197214
0.161907741748
0.161974901194
0.162083555941
0.162147776153
0.162171644845
0.162298796657
0.162383201369
0.162486565975
0.162582089723
0.162673467134
0.162723752322
0.162792320201
0.162878584568
0.162912633535
0.162967760923
0.163011497587
0.163103595717
0.163194630903
0.163276272160
0.163339676242
0.163396710695
0.163427043285
0.163577676291
0.163640448359
0.163704671806
0.163777246408
0.163825471719
0.163929859892
0.163997808874
0.164085213628
0.164200200880
0.164238803635
0.164334015097
0.164374680463
0.164426191481
0.164489065586
0.164595449509
0.164665134633
0.164728457829
0.164782665951
0.164847441633
0.164948229853
0.165021665659
0.165059747395
0.165168137805
0.165232217584
0.165331993736
0.165407883881
0.165440471017
0.165515502333
0.165596674642
0.165683400453
0.165765466468
0.165847193793
0.165904593259
0.165981757060
0.166057056903
0.166212856514
0.166293214545
0.166317691305
0.166384841539
0.166482452808
0.166615081299
0.166672449631
0.166730910082
0.166828288532
0.166903852486
0.166940878927
0.167057796551
0.167126258587
0.167196130216
0.167252446517
0.167398977170
0.167481366186
0.167581304542
0.167627238905
0.167749133630
0.167776104361
0.167900385347
0.168023386737
0.168049163060
0.168115985136
0.168213705111
0.168264032702
0.168339343490
0.168427433304
0.168470713879
0.168578282121
0.168634625167
0.168681422605
0.168780802198
0.168888773692
0.168974985979
0.169067364213
0.169111062130
0.169177179309
0.169211233282
0.169299299310
0.169351171465
0.169470300169
0.169546287072
0.169626196030
0.169636367226
0.169730595501
0.169789521569
0.169886621284
0.169967971167
0.170081945145
0.170136535356
0.170211605089
0.170289586644
0.170386748444
0.170518461284
0.170569634604
0.170622953253
0.170698505343
0.170735076965
0.170812218317
0.170942903917
0.170976196985
0.171058290284
0.171107753841
0.171175398202
0.171253947591
0.171298092610
0.171376477540
0.171480124437
0.171585529512
0.171674087514
0.171744910600
0.171804662268
0.171885347390
0.171933896090
0.172020668817
0.172201453653
0.172229120190
0.172273960545
0.172327744116
0.172398155462
0.172516868474
0.172590517476
0.172645749356
0.172724060770
0.172790930880
0.172853332751
0.172965785117
0.173034780714
0.173068625294
0.173128859216
0.173187275447
0.173285436869
0.173348832809
0.173406511364
0.173454682841
0.173543218156
0.173627455520
0.173671339383
0.173806083315
0.173847433897
0.173928851632
0.174037583299
0.174085602835
0.174181761028
0.174224165649
0.174274713103
0.174349241071
0.174424379215
0.174457366634
0.174568293371
0.174594369606
0.174645306228
0.174750837698
0.174764284900
0.174880863905
0.174980177309
0.175042741830
0.175114189258
0.175185169944
0.175255359263
0.175367519687
0.175430059812
0.175487054733
0.175580822632
0.175622428745
0.175675940921
0.175768833657
0.175851039418
0.175932394959
0.175975622855
0.176046989846
0.176101645920
0.176154816483
0.176279766135
0.176344517901
0.176410988934
0.176520878727
0.176646593258
0.176717315197
0.176796937310
0.176878446810
0.176943649491
0.177024301964
0.177057692058
0.177172267937
0.177282628478
0.177307742856
0.177416282212
0.177504284886
0.177595049481
0.177669406780
0.177732918463
0.177790030570
0.177942325884
0.178024764132
0.178048279078
0.178137472683
0.178201359946
0.178238277658
0.178333580889
0.178375354173
0.178454847253
0.178519973270
0.178619395189
0.178688336959
0.178752532715
0.178847776406
0.178875925216
0.178979370574
0.179037350395
0.179118822034
0.179166356126
0.179308073265
0.179416294074
0.179450007037
0.179512496792
0.179605256975
0.179668295358
0.179762018389
0.179831584819
0.179840286017
0.179923746920
0.180062438326
0.180175838980
0.180212969145
0.180343256438
0.180404271258
0.180451497127
0.180535225740
0.180580080184
0.180672789193
0.180751762418
0.180825283036
0.180922957730
0.180967788798
0.181041801210
0.181115268425
0.181205571617
0.181239626361
0.181347348492
0.181417760504
0.181495654565
0.181584224445
0.181667545827
0.181702008651
0.181765035082
0.181881800585
0.181945713954
0.182028982994
0.182165552369
0.182206844352
0.182291352043
0.182372337493
0.182423806512
0.182550675968
0.182595110233
0.182651307671
0.182712440923
0.182759758034
0.182928476962
0.182960841080
0.183038932382
0.183095684825
0.183162898124
0.183224691092
0.183298486776
0.183356964161
0.183433024226
0.183482642659
0.183587241900
0.183699145935
0.183742547170
0.183834502524
0.183892273136
0.183950943101
0.184078413399
0.184182120501
0.184240200432
0.184285753057
0.184355167009
0.184403105259
0.184479888946
0.184566870865
0.184654239880
0.184773666971
0.184831464256
0.184903717676
0.184946170641
0.184980679106
0.185092833051
0.185206584833
0.185260763478
0.185312509898
0.185361331823
0.185426335065
0.185512254085
0.185544636192
0.185691187583
0.185792254581
0.185832420819
0.185878073963
0.185935213356
0.186004607481
0.186058280368
0.186181030961
0.186232316907
0.186315418626
0.186391875592
0.186505796749
0.186540394012
0.186646311194
0.186774874893
0.186809646230
0.186855395239
0.186966497162
0.187039809478
0.187105542779
0.187156358023
0.187217164539
0.187276551172
0.187327929588
0.187428118643
0.187515734465
0.187564882861
0.187711964038
0.187746615722
0.187849921946
0.187888343319
0.187988505978
0.188090330627
0.188112973606
0.188187892365
0.188316227285
0.188387635028
0.188423257676
0.188486743342
0.188532151542
0.188671533051
0.188719760358
0.188777110325
0.188918928331
0.189011258565
0.189062382342
0.189163896301
0.189255419961
0.189292251935
0.189372141214
0.189464556008
0.189491518834
0.189567716969
0.189657595029
0.189727688103
0.189776951915
0.189833683688
0.189995992961
0.190071291564
0.190137931846
0.190250096277
0.190287865084
0.190362668082
0.190410183591
0.190558475684
0.190599928858
0.190691824386
0.190793503069
0.190859183865
0.190922902510
0.190991012353
0.191062224740
0.191108989469
0.191147760831
0.191240547008
0.191306654428
0.191350692215
0.191518676080
0.191605844805
0.191652386462
0.191754422187
0.191798696633
0.191848041045
0.191963495289
0.192042741690
0.192139136901
0.192206439287
0.192320751506
0.192433773748
0.192518129517
0.192577423434
0.192674685013
0.192752088502
0.192807642843
0.192866334813
0.192946989896
0.192978585797
0.193061107272
0.193175624488
0.193269758926
0.193309839453
0.193389607632
0.193449299504
0.193526181753
0.193613098471
0.193674583871
0.193748159422
0.193809503983
0.193916725767
0.193968652187
0.194058630486
0.194099811501
0.194189777446
0.194255950437
0.194298246232
0.194329889498
0.194394449283
0.194494352127
0.194584831551
0.194626681595
0.194710457895
0.194741204219
0.194818747140
0.194899602335
0.194988693333
0.195059387641
0.195112774872
0.195153695558
0.195255334753
0.195322343320
0.195358217335
0.195423306138
0.195516168010
0.195574418447
0.195591910722
0.195707662687
0.195776037698
0.195862714288
0.195926157978
0.196025595828
0.196078656554
0.196136117904
0.196208145728
0.196265362540
0.196338414048
0.196417669089
0.196446607014
0.196491694333
0.196613021287
0.196685892766
0.196766820932
0.196837644980
0.196895635873
0.196959432596
0.197022643648
0.197102411238
0.197135785390
0.197221648321
0.197298496383
0.197342676884
0.197493006257
0.197566571684
0.197641095380
0.197707349678
0.197778412236
0.197815810490
0.197895194009
0.198007952801
0.198052479139
0.198130102064
0.198182998739
0.198275050378
0.198340757911
0.198424546110
0.198499744830
0.198587804641
0.198648741120
0.198706755113
0.198784897043
0.198842841010
0.198925651092
0.198952201991
0.199064899202
0.199151049632
0.199180914041
0.199268111236
0.199297850522
0.199428649799
0.199483893764
0.199525176053
0.199572999899
0.199672762913
0.199738980539
0.199864538883
0.199929812106
0.200003334433
0.200058926840
0.200088218980
0.200135933176
0.200211023689
0.200343179172
0.200464251798
0.200492157860
0.200556168799
0.200634460734
0.200659795988
0.200775630711
0.200828791691
0.200878757522
0.200993706257
0.201040224885
0.201110831830
0.201186996694
0.201321865987
0.201349338159
0.201391092660
0.201431310006
0.201506415933
0.201556231237
0.201621960566
0.201714723444
0.201793776861
0.201828287199
0.201908304463
0.201955290155
0.202093212105
0.202174972377
0.202220309868
0.202311742620
0.202410388680
0.202430930094
0.202506085373
0.202598499071
0.202625832624
0.202680453761
0.202743138163
0.202819460374
0.202925004404
0.202939527927
0.203027642931
0.203094257801
0.203151668760
0.203236775035
0.203305345172
0.203347736151
0.203434149714
0.203473107474
0.203533516461
0.203674076718
0.203698622430
0.203770174175
0.203809025316
0.203921947633
0.203974071761
0.204040142939
0.204095459907
0.204205389648
0.204244513966
0.204298244595
0.204407666243
0.204437863690
0.204514235543
0.204586834844
0.204612764726
0.204699460242
0.204785129395
0.204857736932
0.204886421306
0.204999088595
0.205036000226
0.205099079757
0.205239246872
0.205285602409
0.205320716356
0.205402574380
0.205436163223
0.205520981406
0.205605453173
0.205700933621
0.205752713820
0.205846837205
0.205876940009
0.205967529731
0.206049981084
0.206105476386
0.206190424299
0.206268837686
0.206335795687
0.206393387298
0.206480139055
0.206517009257
0.206582850703
0.206652989214
0.206694078628
0.206776467871
0.206838728633
0.206913452820
0.206957406646
0.207095850685
0.207138271656
0.207232123794
0.207289295351
0.207299236543
0.207351879849
0.207434348802
0.207481518918
0.207568433511
0.207669956939
0.207693189199
0.207753168560
0.207836333984
0.207897048653
0.207932250859
0.208008653483
0.208082106979
0.208163654669
0.208209898361
0.208265257563
0.208344283551
0.208428330106
0.208470498291
0.208540069911
0.208634105698
0.208657454235
0.208724081152
0.208859361176
0.208923633210
0.208964148186
0.209046580361
0.209101068529
0.209171665753
0.209275941154
0.209373078255
0.209459560915
0.209503816635
0.209552639344
0.209632350735
0.209690429059
0.209743654769
0.209809479034
0.209871211423
0.209954811204
0.210026749964
0.210136140063
0.210174865725
0.210264931514
0.210400444790
0.210457705108
0.210520863542
0.210567273306
0.210661357544
0.210748266276
0.210801184119
0.210884469640
0.210937137375
0.211049880275
0.211152223151
0.211209777638
0.211269629774
0.211322444341
0.211398233137
0.211453865953
0.211470066283
0.211551210134
0.211602724424
0.211723374646
0.211887306172
0.211916207422
0.211965753219
0.212059515201
0.212113301854
0.212269472455
0.212322880712
0.212371669714
0.212468265850
0.212544726309
0.212624015553
0.212636382434
0.212725508835
0.212870137505
0.212931093332
0.213016294293
0.213106990150
0.213147145936
0.213268894029
0.213341781625
0.213378667310
0.213451767529
0.213540542296
0.213568299569
0.213653070752
0.213746692880
0.213854665195
0.213910977179
0.214025032663
0.214076353241
0.214160690857
0.214229217162
0.214269913482
0.214382813906
0.214427167277
0.214508620606
0.214537906000
0.214672204275
0.214734666314
0.214801244207
0.214852924700
0.214999884341
0.215074116526
0.215119775823
0.215166081219
0.215281029973
0.215360510647
0.215372051462
0.215443016631
0.215491226691
0.215532130704
0.215620845396
0.215746923713
0.215833608681
0.215892515511
0.215924750240
0.215990204139
0.216032761012
0.216164748255
0.216194289545
0.216281295736
0.216328297725
0.216427531001
0.216522935142
0.216581842697
0.216677394252
0.216690323409
0.216801185068
0.216834108303
0.216901470214
0.216952948029
0.217054334399
0.217124704591
0.217158760428
0.217223525861
0.217316904154
0.217388515617
0.217438877524
0.217461956249
0.217560960044
0.217619680278
0.217678945465
0.217782970291
0.217806921975
0.217918549941
0.217986689266
0.218038557687
0.218106061043
0.218152690164
0.218258818711
0.218355124222
0.218382852619
0.218464489921
0.218544705031
0.218627175524
0.218687112984
0.218732676950
0.218798208674
0.218860668561
0.218938787274
0.219061757392
0.219099123830
0.219159661604
0.219231733269
0.219295107120
0.219378306604
0.219405101723
0.219492937596
0.219583515009
0.219633574025
0.219706882347
0.219808209505
0.219865468573
0.219889657805
0.220032240953
0.220087631745
0.220138122226
0.220232988959
0.220295644942
0.220374483986
0.220472058071
0.220510186233
0.220593877477
0.220664454813
0.220720341442
0.220775620866
0.220836996995
0.220922386917
0.220958036477
0.221066518562
0.221171927223
0.221256247732
0.221313677048
0.221404060456
0.221485591120
0.221534727432
0.221581577083
0.221642542450
0.221729438982
0.221811988280
0.221859113250
0.221958164099
0.222000889930
0.222080128652
0.222132177843
0.222213727061
0.222246384271
0.222275220850
0.222372278463
0.222490044968
0.222589145179
0.222650233470
0.222744647459
0.222787686468
0.222841214553
0.222869608734
0.222978580955
0.223049980707
0.223115353474
0.223189728847
0.223227532103
0.223362173000
0.223409629124
0.223442382239
0.223551941617
0.223589338189
0.223732747528
0.223774996814
0.223860473348
0.223949637363
0.224035681902
0.224103107770
0.224193338396
0.224246130648
0.224298529536
0.224345127330
0.224417310205
0.224481885102
0.224579940853
0.224626414626
0.224655982457
0.224775499361
0.224869821342
0.224966753133
0.224993367675
0.225075617733
0.225111473412
0.225202104410
0.225247531344
0.225333799204
0.225347803155
0.225497808406
0.225541872034
0.225620430144
0.225659800079
0.225765375864
0.225784714272
0.225816326118
0.225953464438
0.226031763032
0.226129920926
0.226176710091
0.226213647169
0.226330097676
0.226396169130
0.226452865349
0.226523627446
0.226558217200
0.226722730811
0.226750835049
0.226788715594
0.226901350537
0.226987562476
0.227082506217
0.227137372102
0.227186616591
0.227266657983
0.227287946082
0.227426970010
0.227463460731
0.227531650935
0.227591789395
0.227651651337
0.227747747845
0.227808925839
0.227893262214
0.227991367569
0.228045884752
0.228082911590
0.228183491763
0.228274931589
0.228353887688
0.228410354139
0.228478592691
0.228562614604
0.228616005946
0.228688881815
0.228781107655
0.228805538590
0.228876468021
0.228955951319
0.229017243790
0.229111733618
0.229129655541
0.229201195050
0.229291471139
0.229351083283
0.229462108300
0.229511739979
0.229608005434
0.229662966766
0.229708234431
0.229750366026
0.229809390159
0.229862615305
0.229914935740
0.229967334678
0.230051221633
0.230137884930
0.230164715665
0.230260712719
0.230334736776
0.230380534142
0.230424239249
0.230480610963
0.230522088321
0.230601889710
0.230699694704
0.230722050567
0.230818678086
0.230860430603
0.230957608415
0.230997577383
0.231122412809
0.231190451276
0.231232575302
0.231380253175
0.231414826710
0.231523780333
0.231565677191
0.231632335117
0.231705031610
0.231758187879
0.231841172115
0.231863330631
0.231914918758
0.232024052118
0.232073855167
0.232118303058
0.232182959833
0.232238128834
0.232330487718
0.232377930691
0.232445890074
0.232502469924
0.232596452707
0.232672249293
0.232718160826
0.232806034693
0.232845960351
0.232923721453
0.233008000681
0.233035693492
0.233140300056
0.233159303827
0.233257295192
0.233298528373
0.233394689796
0.233422467645
0.233528992118
0.233600936551
0.233656612168
0.233741497960
0.233831960337
0.233844788483
0.233897561591
0.234059774006
0.234082863559
0.234118511686
0.234231462099
0.234291708934
0.234383148839
0.234443805338
0.234536862676
0.234547914128
0.234678438760
0.234694458012
0.234770143218
0.234862013746
0.234926337938
0.234964463558
0.235012860539
0.235117906710
0.235205858259
0.235254068104
0.235288927964
0.235381273860
0.235502089260
0.235590513638
0.235662963655
0.235683362096
0.235728850024
0.235777902589
0.235837170922
0.235883161978
0.235972010110
0.236025030455
0.236113987469
0.236152255914
0.236254463768
0.236320451382
0.236385507118
0.236466328855
0.236488958292
0.236600560786
0.236666147896
0.236704921517
0.236830922657
0.236866309225
0.236959404800
0.237034179813
0.237056564000
0.237104828907
0.237165898247
0.237257161443
0.237382294620
0.237451218171
0.237539740580
0.237611184098
0.237657629056
0.237715233439
0.237785184731
0.237874905244
0.237980592451
0.238058148640
0.238101563325
0.238135582395
0.238229841273
0.238328999308
0.238356476889
0.238418030154
0.238515740409
0.238612251905
0.238650056438
0.238759047355
0.238825637271
0.238866808711
0.238956016838
0.239007879913
0.239067938102
0.239147989817
0.239236856843
0.239305264430
0.239349599044
0.239431066327
0.239467440948
0.239522689518
0.239564067690
0.239662253020
0.239773448187
0.239835626779
0.239895868702
0.239987497261
0.240004939235
0.240118897261
0.240207505082
0.240237051739
0.240306748551
0.240423665205
0.240533392756
0.240551595171
0.240636437412
0.240669441115
0.240734557427
0.240882985642
0.240963404826
0.241016136115
0.241067017359
0.241159002721
0.241207689183
0.241280761903
0.241354248690
0.241426904110
0.241485282960
0.241576238658
0.241644669348
0.241713368355
0.241803436664
0.241828997092
0.241911645558
0.241976888059
0.241995238141
0.242111002127
0.242218614779
0.242278490104
0.242352164182
0.242390917933
0.242473062282
0.242560416768
0.242630195719
0.242735265974
0.242758117100
0.242806557166
0.242879758130
0.242972527368
0.243061672204
0.243127016920
0.243186118372
0.243267159414
0.243319525465
0.243371950772
0.243437833668
0.243515359209
0.243631311764
0.243699363868
0.243812861951
0.243863527043
0.243898626216
0.243961733838
0.243989359421
0.244085990771
0.244185021005
0.244242552532
0.244314942686
0.244413821314
0.244480928652
0.244557569545
0.244617593143
0.244651499381
0.244746424960
0.244856403516
0.244927444560
0.244955613096
0.245063189483
0.245105174391
0.245173761018
0.245244669693
0.245293664084
0.245402677225
0.245455475947
0.245498706930
0.245588921419
0.245691451488
0.245718896484
0.245807227062
0.245861983111
0.245969869201
0.246044651324
0.246067660260
0.246166991114
0.246239936991
0.246360404092
0.246448552483
0.246482791641
0.246510772113
0.246615462822
0.246665678106
0.246709535102
0.246764022917
0.246816878652
0.246883338026
0.246921192399
0.247024963447
0.247115254234
0.247213747260
0.247257686324
0.247381063296
0.247425774984
0.247499777611
0.247563793925
0.247654859448
0.247716341525
0.247777955472
0.247809131529
0.247875338380
0.247978521619
0.248078812300
0.248120533860
0.248192925849
0.248285100542
0.248327568703
0.248447189847
0.248499543161
0.248558961078
0.248672010832
0.248720468170
0.248773921134
0.248852199190
0.248878195972
0.248963297092
0.249036763220
0.249132884354
0.249198840990
0.249258614279
0.249292031366
0.249379807209
0.249456843873
0.249542336503
0.249587992107
0.249613886850
0.249716382136
0.249815357090
0.249888679751
0.249950083179
0.250045709043
0.250166700385
0.250255480805
0.250342833555
0.250375008280
0.250465506086
0.250533117460
0.250584078685
0.250667080752
0.250701791478
0.250741173236
0.250835822160
0.250907029286
0.250950752881
0.251072932101
0.251137037408
0.251226421460
0.251268823404
0.251352255931
0.251383682892
0.251508658747
0.251570257950
0.251651733449
0.251731688983
0.251779019646
0.251869989555
0.251945921397
0.252057478754
0.252129850623
0.252189915839
0.252262498697
0.252317876503
0.252342924944
0.252471912227
0.252549570345
0.252625500802
0.252695246331
0.252733473526
0.252830778325
0.252881277546
0.252951437984
0.253010720134
0.253072928698
0.253162186101
0.253258615067
0.253341545809
0.253369123108
0.253459286217
0.253514667275
0.253583668079
0.253631385105
0.253672677059
0.253760010083
0.253857245346
0.253901429297
0.253988122025
0.254079424165
0.254122498914
0.254283437010
0.254329930051
0.254419909477
0.254474233705
0.254520676215
0.254607018270
0.254660776568
0.254753326063
0.254832465066
0.254921973750
0.254953977762
0.255065271638
0.255131367559
0.255160155731
0.255240123076
0.255305867911
0.255363542912
0.255455920484
0.255621467150
0.255671607120
0.255743167516
0.255801096651
0.255836957871
0.255876211381
0.255963982536
0.256064835730
0.256149577508
0.256172234379
0.256293555084
0.256401179337
0.256444284723
0.256565656120
0.256606097521
0.256682465957
0.256787008689
0.256876952057
0.256882477366
0.257000728605
0.257051241055
0.257108489973
0.257229061971
0.257287665385
0.257331691105
0.257420657165
0.257490160173
0.257586922953
0.257624166807
0.257677819423
0.257760017979
0.257824572120
0.258010124043
0.258057835257
0.258079061054
0.258156904858
0.258265147308
0.258332943492
0.258382099887
0.258441865709
0.258502429637
0.258623981177
0.258692087727
0.258743050388
0.258823073333
0.258871755975
0.258947835217
0.258973308910
0.259102880131
0.259214463484
0.259278231256
0.259294529846
0.259379453694
0.259412109214
0.259534191580
0.259603153852
0.259700292137
0.259779915929
0.259839495040
0.259878197030
0.259913130995
0.259957683005
0.260060585707
0.260086824920
0.260142319563
0.260275317242
0.260360371397
0.260398003608
0.260426730642
0.260518724541
0.260588822046
0.260669252049
0.260740099471
0.260808945721
0.260888801672
0.260938979925
0.261047845493
0.261073810169
0.261245681014
0.261267577355
0.261398003425
0.261456320482
0.261522040840
0.261555671736
0.261633643068
0.261704306408
0.261778647110
0.261867118143
0.261923734407
0.261956217619
0.261999313606
0.262093487211
0.262142218709
0.262232975903
0.262312466099
0.262391316692
0.262448959180
0.262516581758
0.262572548612
0.262631930307
0.262734836747
0.262808541595
0.262917962326
0.262979670219
0.263013707062
0.263080869180
0.263241261057
0.263319523846
0.263363199134
0.263426526686
0.263511485750
0.263560919307
0.263610767859
0.263735772480
0.263817815036
0.263849726513
0.263911730589
0.263943049185
0.264006469756
0.264098922497
0.264181697263
0.264224653066
0.264298732525
0.264404570534
0.264493618476
0.264542644854
0.264590666169
0.264696194005
0.264715527576
0.264800843065
0.264847984345
0.264986375897
0.265048447196
0.265101298586
0.265208558329
0.265272528733
0.265354336754
0.265411383049
0.265427441770
0.265555631541
0.265654791394
0.265715146694
0.265724114144
0.265813212054
0.265890879804
0.265931503176
0.266029721688
0.266085657436
0.266175025768
0.266242298220
0.266369688484
0.266406723870
0.266466038537
0.266575808970
0.266609837102
0.266700864061
0.266765567204
0.266805840398
0.266887975548
0.266979204101
0.267075574423
0.267164590858
0.267225670855
0.267263023612
0.267395735810
0.267470554604
0.267486819150
0.267582049774
0.267668695464
0.267713151105
0.267785677521
0.267834462148
0.267887334178
0.267995972167
0.268088778084
0.268164033369
0.268210080465
0.268238490777
0.268352352278
0.268391898580
0.268524827711
0.268595436638
0.268659734079
0.268752478898
0.268789884296
0.268899846506
0.268932387716
0.269047273530
0.269114120749
0.269189023878
0.269313222138
0.269392736872
0.269433216857
0.269562406555
0.269612976956
0.269650414850
0.269672727736
0.269831581256
0.269892119374
0.269934054574
0.270073792051
0.270142133751
0.270193197220
0.270270517360
0.270381166570
0.270410002047
0.270460947083
0.270606235951
0.270650576461
0.270678900165
0.270821368800
0.270890159774
0.270918170732
0.271036582084
0.271094052246
0.271133847546
0.271243073217
0.271286218920
0.271346863095
0.271405668130
0.271480564626
0.271557679584
0.271652387261
0.271708391223
0.271748196333
0.271864000582
0.271910673557
0.272047545965
0.272091082370
0.272166453605
0.272233950942
0.272291382429
0.272423494891
0.272499533473
0.272546860174
0.272613209898
0.272678322193
0.272770582976
0.272868661710
0.272890194877
0.272981738938
0.273056469179
0.273119087228
0.273192800309
0.273323172663
0.273368730041
0.273435713508
0.273465757475
0.273583249914
0.273613381278
0.273669410547
0.273775094871
0.273833936878
0.273853711226
0.273912820682
0.274123817812
0.274157468176
0.274199214493
0.274280371361
0.274374038333
0.274476411303
0.274525706908
0.274599797208
0.274693399293
0.274706991039
0.274852733891
0.274893222832
0.274984317097
0.275006664077
0.275058866484
0.275081856810
0.275184031716
0.275263389519
0.275348850030
0.275446593868
0.275503323475
0.275589122038
0.275661673708
0.275755120235
0.275842860968
0.275920609740
0.275983064901
0.276043114217
0.276138453521
0.276233445119
0.276254631566
0.276337483612
0.276372632388
0.276470329039
0.276539297051
0.276630084728
0.276656251143
0.276716128014
0.276770112413
0.276906584199
0.276993836490
0.277025817353
0.277137481353
0.277209383281
0.277251597732
0.277304521978
0.277381887906
0.277485886187
0.277564474626
0.277583088499
0.277658447283
0.277714319527
0.277883737595
0.277970772514
0.278044778256
0.278067628810
0.278093929450
0.278175246973
0.278226904786
0.278383321282
0.278424114198
0.278491581941
0.278560349305
0.278639280601
0.278712894618
0.278805842212
0.278855218619
0.278914434685
0.278970589999
0.279052464870
0.279102191472
0.279210323910
0.279342380555
0.279405106189
0.279450844187
0.279505561528
0.279552185563
0.279667115418
0.279755970800
0.279815038106
0.279901355148
0.279937485313
0.279997082863
0.280033601648
0.280112924964
0.280219652408
0.280295192034
0.280344352047
0.280400067251
0.280467865369
0.280530764290
0.280626962755
0.280686340828
0.280812156918
0.280878811888
0.280936892106
0.281044262350
0.281111431567
0.281127353188
0.281199149515
0.281304874271
0.281401405996
0.281455010478
0.281594349313
0.281616101397
0.281660359751
0.281709294828
0.281845849344
0.281887406567
0.281950872138
0.281977654036
0.282026944397
0.282141168784
0.282259252318
0.282282696018
0.282392583265
0.282437896096
0.282533185927
0.282558770718
0.282699876803
0.282790489512
0.282896970657
0.282939650193
0.282986987253
0.283061263859
0.283120741193
0.283193902923
0.283240741470
0.283376662096
0.283436272684
0.283470904897
0.283569591982
0.283673673560
0.283714165159
0.283810729678
0.283892483794
0.284023890868
0.284043227946
0.284128294733
0.284234221371
0.284274932353
0.284329658969
0.284396717283
0.284467742593
0.284532706007
0.284656551958
0.284725463749
0.284761307427
0.284885952954
0.284942252143
0.284984931639
0.285142366852
0.285176452481
0.285270978365
0.285326209230
0.285419293705
0.285465621280
0.285517516703
0.285659350764
0.285782037001
0.285837981579
0.285902666201
0.285984652768
0.286011829324
0.286048372650
0.286204314358
0.286308973939
0.286350984595
0.286395573061
0.286502667872
0.286541334326
0.286618264077
0.286747443587
0.286798047002
0.286897169773
0.286955454833
0.287079859360
0.287109795433
0.287194290924
0.287214583706
0.287300496019
0.287406340477
0.287449496428
0.287589670222
0.287659885505
0.287762560374
0.287828567425
0.287906010108
0.287960946518
0.288017010095
0.288087147615
0.288180797927
0.288270370859
0.288330195741
0.288371865231
0.288509378680
0.288615575268
0.288679388758
0.288736932777
0.288757967244
0.288854007332
0.288929457374
0.288939206379
0.289048813154
0.289164030147
0.289231588009
0.289397248544
0.289419284064
0.289494107263
0.289585689683
0.289628910457
0.289680857754
0.289770158702
0.289840571228
0.289902589226
0.289959143569
0.290035835663
0.290084719211
0.290188556789
0.290282706825
0.290301682351
0.290446087381
0.290483198487
0.290549358306
0.290648038561
0.290724256530
0.290757347218
0.290815569262
0.290908024137
0.290951477159
0.291047308109
0.291085516456
0.291226598000
0.291286689916
0.291310399023
0.291373335825
0.291490603884
0.291602322547
0.291673692189
0.291680721834
0.291823588128
0.291878442934
0.291986204366
0.292029602964
0.292079944700
0.292183994975
0.292221688924
0.292307005365
0.292335012832
0.292394157778
0.292542656943
0.292616236024
0.292649557127
0.292700310241
0.292786413067
0.292841981753
0.292890120470
0.292951971072
0.293062214231
0.293164061370
0.293222875842
0.293321802143
0.293410887710
0.293521257158
0.293544057128
0.293685213490
0.293762613696
0.293798369185
0.293847142439
0.293904677091
0.293997375263
0.294066351627
0.294130812303
0.294214367229
0.294291232918
0.294342094042
0.294429222988
0.294471830052
0.294550743120
0.294646601246
0.294696295335
0.294797193045
0.294859008096
0.294912385559
0.294966642835
0.295115370683
0.295195354784
0.295224286294
0.295256556481
0.295333555562
0.295420427965
0.295477328745
0.295584888263
0.295672997408
0.295703133326
0.295776923472
0.295851138721
0.295950431938
0.296013629932
0.296066003265
0.296122187524
0.296162345180
0.296310660706
0.296349853063
0.296401152675
0.296496892090
0.296535662671
0.296616386357
0.296715645921
0.296778199085
0.296894981864
0.296932773914
0.296981717781
0.297100560063
0.297187857741
0.297253461294
0.297316351651
0.297420136738
0.297436090762
0.297511196429
0.297602544116
0.297631170154
0.297709056162
0.297762744412
0.297884883039
0.297976118279
0.298006281490
0.298090271947
0.298190437761
0.298266500818
0.298368082306
0.298404799258
0.298507293552
0.298539018116
0.298663282360
0.298739228827
0.298793761382
0.298822126105
0.298967264581
0.299017166231
0.299100849385
0.299163152572
0.299227708655
0.299369512035
0.299420843828
0.299469154929
0.299544726828
0.299613696097
0.299660309773
0.299737163242
0.299824416271
0.299898835570
0.299995135368
0.300043063896
0.300195942962
0.300267316557
0.300324364078
0.300369853094
0.300429492551
0.300541599292
0.300590253972
0.300687601309
0.300776434657
0.300812633452
0.300864782505
0.300934124714
0.301011709143
0.301095268104
0.301179506450
0.301229415947
0.301305856549
0.301327339026
0.301467536974
0.301514455477
0.301646788041
0.301701784089
0.301723917141
0.301823467079
0.301918660832
0.301944573995
0.302040125009
0.302069650558
0.302180929374
0.302290405733
0.302325631302
0.302422059936
0.302473587168
0.302512457920
0.302568629908
0.302715346694
0.302785569361
0.302871223167
0.302934664591
0.303015126728
0.303055171468
0.303197432063
0.303267650743
0.303326235592
0.303444921981
0.303506446177
0.303517621523
0.303595923875
0.303685658724
0.303742227686
0.303817462108
0.303864516894
0.303912536486
0.304006594027
0.304093910319
0.304158787201
0.304231146446
0.304308161170
0.304363534230
0.304429826980
0.304612259828
0.304639172328
0.304687108397
0.304719659339
0.304842508086
0.304877255748
0.304937483689
0.305020800464
0.305055978138
0.305121624010
0.305269177927
0.305323940173
0.305405678180
0.305508027372
0.305539814349
0.305633368673
0.305730368044
0.305786562213
0.305821291234
0.305890424138
0.306010233597
0.306102217523
0.306115128369
0.306231875133
0.306251649572
0.306332128798
0.306383474287
0.306466793177
0.306603437975
0.306656294751
0.306749753158
0.306853100809
0.306926018397
0.306988942549
0.307054150972
0.307098823767
0.307176820218
0.307260079914
0.307339158107
0.307380657390
0.307487838045
0.307546168931
0.307630580993
0.307702527085
0.307779191242
0.307894392024
0.308022937544
0.308068076282
0.308185206719
0.308223106266
0.308281191417
0.308371765099
0.308440504702
0.308471540332
0.308515867071
0.308629751417
0.308733134826
0.308750306324
0.308811059185
0.308925774390
0.309014228482
0.309069562736
0.309176313277
0.309244922225
0.309275494089
0.309360185651
0.309483230117
0.309534265496
0.309595787451
0.309660374217
0.309764766916
0.309793746113
0.309893671310
0.310000084939
0.310028727520
0.310115060055
0.310172603621
0.310334614196
0.310351471110
0.310385940481
0.310535481354
0.310663814513
0.310702153827
0.310739099116
0.310822054130
0.310874583839
0.310999768425
0.311078859275
0.311191728848
0.311231765596
0.311303590899
0.311351123612
0.311408731904
0.311513392715
0.311592860249
0.311623907388
0.311698653066
0.311758710331
0.311891955944
0.311978708442
0.312032528653
0.312158649454
0.312246877902
0.312308712176
0.312387247403
0.312452273579
0.312554262787
0.312635432589
0.312739210580
0.312764947643
0.312800876715
0.312878106534
0.312970161762
0.313007437494
0.313050015979
0.313170116739
0.313215640336
0.313311946453
0.313464562966
0.313488239800
0.313507717387
0.313564648123
0.313615993244
0.313682521785
0.313730153399
0.313847290142
0.314000915051
0.314059301644
0.314106464318
0.314160976709
0.314220740669
0.314296233536
0.314413519286
0.314490584335
0.314558166011
0.314583773193
0.314690861031
0.314801480207
0.314841709998
0.314885629056
0.314965865318
0.315053870957
0.315090107879
0.315243850848
0.315305291577
0.315366074245
0.315426530123
0.315480067056
0.315543176268
0.315665919310
0.315753893024
0.315805447242
0.315903584393
0.315974179652
0.316073859391
0.316112232341
0.316151609876
0.316284809676
0.316361417190
0.316436502548
0.316523842303
0.316565681128
0.316604135221
0.316698116458
0.316836853663
0.316905530239
0.317004492856
0.317069716641
0.317122129039
0.317197243196
0.317267578221
0.317340580691
0.317415257089
0.317435197073
0.317546990663
0.317608796243
0.317687428726
0.317725333678
0.317853008491
0.317908766797
0.317951549826
0.318049617764
0.318125104290
0.318190526934
0.318296973608
0.318340031484
0.318431671318
0.318524575565
0.318566175079
0.318706763131
0.318757011668
0.318835307931
0.318914598100
0.318989876992
0.319093741823
0.319134678195
0.319205946164
0.319306952536
0.319375418221
0.319434270843
0.319480279199
0.319628367917
0.319675823048
0.319743235572
0.319803038253
0.319875132536
0.319901698549
0.320047227246
0.320125260782
0.320265033690
0.320338732031
0.320376610377
0.320476347515
0.320559831518
0.320646722957
0.320699554989
0.320776341944
0.320798349662
0.320900571983
0.320964012126
0.321074674208
0.321146537936
0.321238453359
0.321275904267
0.321374305205
0.321445487908
0.321511434432
0.321568368192
0.321742603035
0.321799317989
0.321852679671
0.321925836648
0.322101971002
0.322128933386
0.322211645936
0.322274107375
0.322324135481
0.322423916634
0.322501156926
0.322578188549
0.322660176942
0.322678390192
0.322772901704
0.322820615032
0.322897715731
0.322949324734
0.323087928943
0.323157812531
0.323214921498
0.323262213625
0.323355158372
0.323486730347
0.323563860878
0.323638333599
0.323707125463
0.323734534489
0.323824665552
0.323885875799
0.324031462685
0.324093550497
0.324136358433
0.324208202694
0.324296095070
0.324413147064
0.324434443164
0.324461127706
0.324522820799
0.324614148572
0.324767573849
0.324811599285
0.324825476985
0.324931503440
0.324991383230
0.325117327644
0.325172080890
0.325280451683
0.325331407389
0.325391785032
0.325453120806
0.325517768056
0.325645975917
0.325692708377
0.325778520684
0.325821577747
0.325862413549
0.326001579428
0.326095204114
0.326175193308
0.326262877214
0.326322231574
0.326410086880
0.326471416328
0.326531105274
0.326605260438
0.326651534573
0.326790242008
0.326843078172
0.326916419722
0.327010955538
0.327082681308
0.327113012953
0.327286596584
0.327323427786
0.327425689206
0.327472607120
0.327540142777
0.327614705483
0.327677161735
0.327802708812
0.327897200629
0.327976532529
0.328055454344
0.328167860979
0.328206216093
0.328265022147
0.328345608301
0.328451598854
0.328492058639
0.328599353375
0.328631851344
0.328711111265
0.328777964556
0.328889513956
0.328941601370
0.329027734897
0.329083020932
0.329104933163
0.329196027256
0.329322392467
0.329404972048
0.329440892651
0.329539386445
0.329584656901
0.329691393869
0.329739657727
0.329868541832
0.329907858055
0.329972600546
0.330008304416
0.330171806823
0.330199130400
0.330261270225
0.330341969257
0.330442318129
0.330469506938
0.330570605454
0.330649335954
0.330711519897
0.330781423948
0.330890548732
0.330995246277
0.331060217662
0.331133583029
0.331286845886
0.331346948712
0.331405965947
0.331464170671
0.331525593573
0.331615540626
0.331706425499
0.331718341809
0.331776257800
0.331875619608
0.331970114361
0.332021288456
0.332108279735
0.332207667120
0.332267724723
0.332299504176
0.332373984548
0.332434163921
0.332498853259
0.332567605884
0.332702854199
0.332787530208
0.332861289399
0.332923979947
0.333006845294
0.333101562603
0.333158406557
0.333322544019
0.333368493510
0.333450894280
0.333471126247
0.333531944860
0.333668316851
0.333696667741
0.333770471112
0.333833444252
0.333890213511
0.333972042191
0.334068892389
0.334202498264
0.334275827108
0.334328163278
0.334393062128
0.334474368501
0.334537347164
0.334652672696
0.334768154708
0.334793506839
0.334897306739
0.335026254085
0.335068318610
0.335117336265
0.335213783338
0.335320964544
0.335370235894
0.335435865305
0.335481127256
0.335552620084
0.335637090682
0.335819005909
0.335847153368
0.335918493768
0.335978328115
0.336056998330
0.336091536111
0.336129682625
0.336244239698
0.336297530840
0.336424473492
0.336513670263
0.336552956101
0.336623879543
0.336718452326
0.336779919118
0.336887635825
0.336941923152
0.337003548559
0.337098168988
0.337147266360
0.337254986919
0.337308247383
0.337437329733
0.337514696642
0.337541546409
0.337669279500
0.337734419046
0.337794803963
0.337890112888
0.337923443259
0.338049638293
0.338095803353
0.338152474714
0.338180236492
0.338348726127
0.338429744891
0.338536785705
0.338555435467
0.338717828556
0.338759127920
0.338828270810
0.338886776395
0.338984842087
0.339081858668
0.339156203469
0.339277931337
0.339319077459
0.339436185395
0.339506819247
0.339545035522
0.339610344032
0.339696020119
0.339764591842
0.339844444678
0.339903632428
0.340026272219
0.340097574052
0.340187206487
0.340216992978
0.340338415064
0.340428164288
0.340492777493
0.340597653280
0.340640059126
0.340696862794
0.340790768040
0.340882873476
0.340924641109
0.341024578757
0.341119556641
0.341205766672
0.341241993974
0.341365485920
0.341418690382
0.341471764375
0.341611197161
0.341694647767
0.341725682234
0.341838973937
0.341911931778
0.341995181829
0.342122934201
0.342171153998
0.342245274318
0.342334943202
0.342386692049
0.342464695486
0.342568888564
0.342581293271
0.342657280106
0.342755546910
0.342792085107
0.342856663023
0.342927948669
0.342951569538
0.343078287737
0.343165661652
0.343244477923
0.343363962314
0.343475351217
0.343549019471
0.343588940016
0.343638764315
0.343772013853
0.343843505406
0.343916876259
0.344029718238
0.344118500584
0.344136517367
0.344211237824
0.344326875974
0.344361073774
0.344466757186
0.344533563756
0.344612215963
0.344707804003
0.344748250570
0.344857097513
0.344917529361
0.345012392407
0.345066534437
0.345129941580
0.345154908275
0.345291396909
0.345356418484
0.345402830021
0.345520714524
0.345589047022
0.345656864814
0.345715377480
0.345769460637
0.345853270668
0.345928554765
0.346021126877
0.346140907613
0.346244679640
0.346285950435
0.346405069786
0.346416551314
0.346531628413
0.346653464088
0.346671643422
0.346725281939
0.346805672899
0.346932898499
0.346982313505
0.347065562677
0.347130280735
0.347218053460
0.347322734740
0.347382852848
0.347474293699
0.347512807240
0.347618855539
0.347698726904
0.347768651116
0.347842272648
0.347862343083
0.348024639093
0.348061927189
0.348128776121
0.348259345746
0.348326191778
0.348393694519
0.348465718840
0.348592152270
0.348617565757
0.348768585560
0.348830088414
0.348930679910
0.348996316849
0.349016787994
0.349111454681
0.349173059629
0.349258178753
0.349299981715
0.349465107708
0.349529141282
0.349631944170
0.349683567914
0.349748606398
0.349828606423
0.349926505657
0.350019585983
0.350062203948
0.350136244736
0.350194826793
0.350275658846
0.350433307918
0.350487197007
0.350547431108
0.350589779847
0.350686128165
0.350834791534
0.350901876811
0.350958323600
0.350976810284
0.351087344007
0.351163610209
0.351231483480
0.351305849541
0.351369642852
0.351488737984
0.351531566776
0.351613762253
0.351699676621
0.351806059857
0.351849049317
0.351928962967
0.352086271036
0.352138753372
0.352183786045
0.352309967314
0.352358919861
0.352476719809
0.352527095746
0.352613537977
0.352775561719
0.352825544237
0.352878019559
0.352934208626
0.353057616612
0.353116968384
0.353268621277
0.353333404024
0.353465416435
0.353540008227
0.353600009513
0.353661606741
0.353777228790
0.353868575862
0.353914600120
0.354017439290
0.354079343160
0.354110905823
0.354214264254
0.354269803883
0.354344200736
0.354429021071
0.354503620256
0.354663967687
0.354732311458
0.354790282708
0.354893076227
0.354957494787
0.355027860283
0.355110115775
0.355268040705
0.355315073815
0.355442617320
0.355491233024
0.355553673236
0.355693217083
0.355739826223
0.355808244428
0.355923020479
0.355996011035
0.356106989772
0.356173342238
0.356221537979
0.356302569798
0.356407273942
0.356507771806
0.356556699819
0.356660696048
0.356707134128
0.356788195736
0.356887097582
0.356970779780
0.357103221096
0.357164276830
0.357263740962
0.357318745255
0.357404965014
0.357481976310
0.357632273640
0.357679845576
0.357752900250
0.357842455582
0.357945834294
0.358014823826
0.358169252475
0.358209927611
0.358299063885
0.358371140505
0.358516400084
0.358643656378
0.358665729064
0.358745175160
0.358811209990
0.358886330258
0.358956661007
0.359076196801
0.359151537470
0.359275248060
0.359295931433
0.359369935562
0.359489641511
0.359591254371
0.359648087376
0.359767338479
0.359825448014
0.359928402052
0.360015810231
0.360100520864
0.360207326578
0.360269317451
0.360289702806
0.360426685049
0.360509816904
0.360539676543
0.360704952333
0.360784988000
0.360886282793
0.360927936986
0.361000521331
0.361077033386
0.361173193544
0.361283862075
0.361346260036
0.361405739596
0.361526764977
0.361661336539
0.361685092788
0.361807386653
0.361898654935
0.361929363659
0.361995589983
0.362166547514
0.362198896120
0.362236206277
0.362260798462
0.362366636739
0.362431709467
0.362558561354
0.362707766975
0.362770622385
0.362847475244
0.362879251085
0.362965472653
0.363037317824
0.363182358186
0.363249074924
0.363354930767
0.363415135480
0.363505080766
0.363558429065
0.363646292396
0.363735570236
0.363846140283
0.363932916490
0.364035822018
0.364105869409
0.364190041830
0.364285092822
0.364326500993
0.364374341065
0.364525942272
0.364579843711
0.364713637830
0.364832974994
0.364893689999
0.364965303666
0.365060121986
0.365141865039
0.365182033640
0.365332343427
0.365387433759
0.365504155545
0.365518310037
0.365600597832
0.365657962784
0.365826069457
0.365911655821
0.366018856383
0.366106780854
0.366115005214
0.366177530846
0.366261464799
0.366296643596
0.366433031403
0.366504476217
0.366625219508
0.366726601339
0.366809977131
0.366874381005
0.366991098348
0.367047242159
0.367148188416
0.367283259550
0.367345853618
0.367410622438
0.367524305099
0.367579769415
0.367700813077
0.367816481782
0.367868402659
0.367988985194
0.368090093211
0.368140752427
0.368243291143
0.368325869787
0.368398727607
0.368564100850
0.368659104445
0.368733260410
0.368813288767
0.368870808709
0.368952815607
0.369095952203
0.369126730625
0.369311806837
0.369387589879
0.369460256071
0.369547059115
0.369635063356
0.369680906952
0.369777996934
0.369901227512
0.369972514253
0.370042563523
0.370167959249
0.370255379467
0.370322078275
0.370425002173
0.370496616510
0.370574367381
0.370660904972
0.370792770418
0.370809110517
0.370947465903
0.371039233308
0.371205109290
0.371279548225
0.371356735407
0.371436613055
0.371531380036
0.371614719033
0.371695735885
0.371753541296
0.371824031166
0.371973744336
0.372062574278
0.372158388268
0.372192254805
0.372335285107
0.372462138990
0.372615846644
0.372687467485
0.372775461536
0.372823313175
0.372916966761
0.372983697002
0.373089907753
0.373210083875
0.373327811535
0.373415977154
0.373454138607
0.373607177657
0.373696731014
0.373772428560
0.373848001006
0.373940040027
0.374076498850
0.374189484881
0.374284093542
0.374326273827
0.374483926085
0.374627634359
0.374693194705
0.374776056335
0.374810820050
0.374927396764
0.375060618404
0.375175896459
0.375322790136
0.375425156545
0.375516194310
0.375615654773
0.375690208218
0.375859025804
0.375971709968
0.376066254675
0.376171469035
0.376342193206
0.376448539790
0.376587247320
0.376734269253
0.376770727790
0.376838887278
0.377009359951
0.377079641705
0.377160050131
0.377246652052
0.377317071036
0.377458463023
0.377541994188
0.377647429109
0.377724174466
0.377893678880
0.378018475617
0.378148244504
0.378249170139
0.378344452214
0.378438895635
0.378519761726
0.378601347378
0.378720619848
0.378789189540
0.378947831654
0.379088936692
0.379225347507
0.379394516789
0.379482641489
0.379515708049
0.379688178029
0.379742666998
0.379851278908
0.379984039137
0.380080818142
0.380171906945
0.380219741368
0.380316859932
0.380447633738
0.380617874794
0.380746902485
0.380848081272
0.380975421659
0.381041861192
0.381198532842
0.381314581751
0.381366187927
0.381462541285
0.381571219755
0.381732725838
0.381851043425
0.381916332756
0.381976986644
0.382131234319
0.382270245464
0.382343904713
0.382399534811
0.382512576995
0.382706167549
0.382760930299
0.382922794210
0.383003034639
0.383107715718
0.383153860126
0.383261968796
0.383413525847
0.383463223749
0.383619106320
0.383690974118
0.383794502089
0.383875260672
0.384044167514
0.384115104797
0.384172193975
0.384271832731
0.384373825212
0.384496128158
0.384605769299
0.384689670078
0.384872992986
0.384954540680
0.385086039069
0.385249356492
0.385330848886
0.385355021015
0.385534075460
0.385612549060
0.385740560486
0.385859136504
0.385979811382
0.386009700906
0.386131944125
0.386209512159
0.386298311591
0.386458678035
0.386502197630
0.386628827290
0.386719912405
0.386796324484
0.387029671450
0.387109624565
0.387263243969
0.387369557441
0.387585076088
0.387661329099
0.387771246985
0.387883030658
0.387961540928
0.388020759027
0.388150772082
0.388274032477
0.388430614618
0.388516449930
0.388730691387
0.388863230694
0.389002946428
0.389077671614
0.389215542140
0.389284534124
0.389428684282
0.389580796285
0.389681949127
0.389797849794
0.389880190645
0.390084593627
0.390125115475
0.390231550687
0.390362627738
0.390480524197
0.390521435376
0.390696463556
0.390850377752
0.390956158303
0.391027941032
0.391127696427
0.391285310397
0.391458410623
0.391497801327
0.391660543655
0.391863670749
0.391922359687
0.392077247972
0.392194848316
0.392274767577
0.392324057033
0.392455247901
0.392636895906
0.392730399765
0.392847214673
0.392979798094
0.393179486389
0.393371380747
0.393465659647
0.393608667921
0.393726492208
0.393829821591
0.393882097867
0.394099311079
0.394139077699
0.394303107376
0.394403657652
0.394485218324
0.394582748876
0.394728549276
0.394920470829
0.395035372840
0.395097490100
0.395316819843
0.395382900613
0.395503133407
0.395543716325
0.395739081088
0.395888737326
0.395926067138
0.395997179299
0.396150259327
0.396249476962
0.396429768884
0.396444823710
0.396673179513
0.396807045905
0.396977289340
0.397107415394
0.397272342934
0.397420577437
0.397513816664
0.397746008125
0.397830579632
0.398038721980
0.398150243311
0.398181994425
0.398334710656
0.398397151515
0.398551759002
0.398714134382
0.398906134652
0.398983038207
0.399110663466
0.399304124573
0.399401575768
0.399467419353
0.399746158695
0.399810280216
0.400005938740
0.400106524353
0.400224704351
0.400340010148
0.400478998371
0.400625955338
0.400732871034
0.400776188534
0.401091234602
0.401154346403
0.401251923541
0.401472439194
0.401634403771
0.401728232752
0.401801632967
0.401971493280
0.402118335846
0.402200976984
0.402332863451
0.402411584074
0.402653605331
0.402710620248
0.402911500913
0.403193604604
0.403322838143
0.403419476157
0.403605126385
0.403713702763
0.403837383093
0.403922984229
0.404094411339
0.404256474110
0.404366474852
0.404671953362
0.404755575037
0.404856182708
0.404941863378
0.405115538637
0.405348886162
0.405560477127
0.405659573629
0.405829873975
0.406010826883
0.406074225744
0.406262864004
0.406309453795
0.406533230933
0.406600919669
0.406839493613
0.406979447585
0.407178697455
0.407281494789
0.407571454049
0.407664068008
0.407748404083
0.408100036595
0.408163560520
0.408391589055
0.408531970212
0.408739159442
0.408837102476
0.408954598445
0.409102370930
0.409255510352
0.409480368144
0.409635830601
0.409828417089
0.410079562306
0.410294454725
0.410573047596
0.410717508216
0.410836826682
0.410955733006
0.411241327931
0.411284021289
0.411557380860
0.411759442819
0.411875757454
0.412180793799
0.412244680357
0.412482366663
0.412656963842
0.412723107734
0.412760180461
0.413128820494
0.413192226318
0.413387169197
0.413530913790
0.413746026491
0.413989812496
0.414080858287
0.414338216850
0.414456865458
0.414619818094
0.414864477372
0.414958718858
0.415235954090
0.415426254097
0.415476983104
0.415693345235
0.415944453479
0.416162214178
0.416310406547
0.416597157611
0.416692410907
0.416876383954
0.417094596406
0.417235989890
0.417367596105
0.417474620644
0.417688284001
0.417997704632
0.418072540084
0.418131969072
0.418196197693
0.418506996967
0.418916297847
0.419077961439
0.419270460095
0.419442992083
0.419631155525
0.419796778900
0.419976277479
0.420152623827
0.420518258132
0.420685862212
0.420948948841
0.421046387086
0.421392877163
0.421515076461
0.421679535159
0.421912047799
0.422002113909
0.422242385065
0.422571028806
0.422771175882
0.422905862934
0.423077151569
0.423414289829
0.423681886329
0.423930698129
0.423995142664
0.424234676613
0.424482080300
0.424828483417
0.424883675785
0.425080401705
0.425351493169
0.425661061198
0.425810143009
0.426094800864
0.426337799412
0.426603347952
0.426832478487
0.426978949851
0.427385478003
0.427646401467
0.427782893501
0.428052253375
0.428246865135
0.428711204155
0.428966832817
0.429327539183
0.429709932293
0.430056859868
0.430237220953
0.430543654877
0.431124973115
0.431367148775
0.431594698319
0.432134432268
0.432289651210
0.432804952035
0.433139653100
0.433424859306
0.433538733185
0.433948306607
0.434232348072
0.434346564410
0.434907999222
0.435236028799
0.435705063396
0.435916077351
0.436098107245
0.436468161767
0.436764232019
0.436850678947
0.437160130355
0.437453719122
0.437564567752
0.437876328169
0.438179622758
0.438418965049
0.438767016906
0.438883435261
0.439224333530
0.439435725213
0.439616332520
0.439987778814
0.440186795571
0.440760498852
0.440947291425
0.441328126976
0.441509164206
0.441899752295
0.442184224847
0.442462691954
0.442902735159
0.443180262375
0.443544280662
0.443897709158
0.444384964803
0.444831924149
0.445235610760
0.445500801917
0.446023883043
0.446437598291
0.446575565790
0.447382844783
0.447723040808
0.447949198368
0.448526552179
0.448800324633
0.449247887913
0.449593980022
0.449921174007
0.450967451192
0.451247888117
0.451636792204
0.452313594471
0.452540482207
0.453149161265
0.453726269682
0.454194137711
0.454772509565
0.455262173570
0.455686152793
0.456012823676
0.456658029699
0.457199453034
0.457433873773
0.457776456751
0.458900675401
0.459890323171
0.460098207185
0.460796244605
0.462380489836
0.463416532217
0.464315516938
0.465527735634
0.465921186544
0.467091825716
0.467826877248
0.468577721282
0.469203527048
0.470546254463
